[gd_scene load_steps=7 format=3 uid="uid://dpvtc3tsf5ycx"]

[ext_resource type="Script" uid="uid://bmybkdsvosr38" path="res://game_grid_gpu.gd" id="1_0xm2m"]
[ext_resource type="Script" uid="uid://bxxfhbq01pn12" path="res://camera.gd" id="1_1bvp3"]
[ext_resource type="Script" uid="uid://bjiaprx0jk6ug" path="res://game_grid_cpu.gd" id="1_ii3ay"]
[ext_resource type="Script" uid="uid://dix28u8wx3wm4" path="res://camera_controller.gd" id="1_lquwl"]
[ext_resource type="Script" uid="uid://chkw1pipf4tws" path="res://visualizer.gd" id="2_h2yge"]

[sub_resource type="Environment" id="Environment_ig7tw"]
background_mode = 1
background_color = Color(0.1806, 0.18354, 0.21, 1)

[node name="Main" type="Node3D"]

[node name="Timeframe" type="Node3D" parent="."]

[node name="CameraController" type="Node3D" parent="."]
script = ExtResource("1_lquwl")

[node name="Camera" type="Camera3D" parent="CameraController"]
transform = Transform3D(0.755922, -0.393894, 0.522905, -3.19856e-08, 0.798741, 0.601676, -0.654662, -0.45482, 0.603785, 11.0876, 10.8992, 12.5849)
environment = SubResource("Environment_ig7tw")
fov = 20.7
size = 14.196
near = 0.001
script = ExtResource("1_1bvp3")

[node name="GameGridGPU" type="Node3D" parent="."]
script = ExtResource("1_0xm2m")

[node name="Visualizer" type="Node3D" parent="GameGridGPU"]
script = ExtResource("2_h2yge")

[node name="GameGridCPU" type="Node3D" parent="."]
script = ExtResource("1_ii3ay")

[node name="ReplayGrid" type="Node3D" parent="."]

[node name="DirectionalLight3D2" type="DirectionalLight3D" parent="."]
transform = Transform3D(0.214723, -0.504125, -0.836512, -0.126555, 0.834907, -0.535643, 0.968441, 0.22088, 0.115475, -41.816, 13.9338, -11.267)
light_color = Color(0.991496, 0.628471, 0.518436, 1)

[node name="DirectionalLight3D" type="DirectionalLight3D" parent="."]
transform = Transform3D(0.82276, -0.238952, 0.515721, -0.56839, -0.34589, 0.746521, 6.05565e-08, -0.907338, -0.420402, 24.8855, 11.0645, 0.456317)
shadow_opacity = 0.58

[node name="DebugInfo" type="Label" parent="."]
offset_left = 150.0
offset_top = 299.0
offset_right = 290.0
offset_bottom = 361.0
scale = Vector2(2.71, 2.71)
text = "sdsdfsdf"

[node name="Control" type="Control" parent="."]
layout_mode = 3
anchors_preset = 1
anchor_left = 1.0
anchor_right = 1.0
grow_horizontal = 0

[node name="VBoxContainer" type="VBoxContainer" parent="Control"]
layout_mode = 1
anchors_preset = 1
anchor_left = 1.0
anchor_right = 1.0
offset_left = -255.02
offset_top = 50.62
offset_right = -68.02
offset_bottom = 185.62
grow_horizontal = 0
alignment = 1

[node name="XSpacingSlider" type="HSlider" parent="Control/VBoxContainer"]
unique_name_in_owner = true
layout_mode = 2
size_flags_vertical = 2
max_value = 20.0
step = 0.5

[node name="YSpacingSlider" type="HSlider" parent="Control/VBoxContainer"]
unique_name_in_owner = true
layout_mode = 2
size_flags_vertical = 6
max_value = 20.0
step = 0.5

[node name="ZSpacingSlider" type="HSlider" parent="Control/VBoxContainer"]
unique_name_in_owner = true
layout_mode = 2
size_flags_vertical = 10
max_value = 20.0
step = 0.5

[connection signal="update_view" from="GameGridGPU" to="GameGridGPU/Visualizer" method="_on_game_grid_gpu_update_view"]
